12284.69076570
12465.40561153
12597.09656938
12683.40151355
12732.64321612
12756.48047055
12768.28879877
12781.43387856
12807.60829168
12855.39412473
12929.19115115
13028.61487950
13148.42387582
13278.98549353
13407.23798426
13518.05950901
13595.91509084
13626.62461844
13599.08118608
13506.75066072
13348.80036758
13130.73578818
12864.46653632
12567.77296966
12263.19825641
11976.44287407
11734.38477479
11562.88469438
11484.55903450
11516.71026019
11669.59599958
11945.19357670
12336.57847513
12827.98634132
13395.57264647
14008.82668322
14632.54202017
15229.19850224
15761.57538118
16195.39424688
16501.78594381
16659.38805626
16655.90786725
16489.02763158
16166.58109896
15705.98816283
15132.99349007
14479.81011231
13782.81566833
13079.98342871
12408.24959808
11801.02114252
11286.01439613
10883.58523903
10605.66928373
10455.39890490
10427.40750810
10508.77494493
10680.51620681
10919.47279454
11200.43599072
11498.31608345
11790.17252609
12056.93680199
