  0.18003723
  0.18147147
  0.18251664
  0.18320160
  0.18359241
  0.18378159
  0.18387531
  0.18397963
  0.18418737
  0.18456662
  0.18515231
  0.18594139
  0.18689225
  0.18792846
  0.18894633
  0.18982587
  0.19044377
  0.19068750
  0.19046890
  0.18973612
  0.18848254
  0.18675187
  0.18463862
  0.18228391
  0.17986665
  0.17759082
  0.17566972
  0.17430861
  0.17368698
  0.17394214
  0.17515552
  0.17734281
  0.18044904
  0.18434910
  0.18885375
  0.19372085
  0.19867097
  0.20340634
  0.20763155
  0.21107456
  0.21350624
  0.21475705
  0.21472943
  0.21340498
  0.21084588
  0.20719038
  0.20264281
  0.19745881
  0.19192711
  0.18634907
  0.18101785
  0.17619858
  0.17211123
  0.16891734
  0.16671166
  0.16551904
  0.16529688
  0.16594266
  0.16730568
  0.16920217
  0.17143203
  0.17379616
  0.17611248
  0.17822966
