  0.48608657
  0.50042902
  0.51088068
  0.51773028
  0.52163835
  0.52353020
  0.52446736
  0.52551063
  0.52758796
  0.53138049
  0.53723739
  0.54512817
  0.55463682
  0.56499885
  0.57517762
  0.58397298
  0.59015199
  0.59258926
  0.59040327
  0.58307545
  0.57053971
  0.55323300
  0.53210052
  0.50855341
  0.48438081
  0.46162245
  0.44241149
  0.42880037
  0.42258405
  0.42513573
  0.43726952
  0.45914235
  0.49020464
  0.52920527
  0.57425180
  0.62292275
  0.67242397
  0.71977766
  0.76202979
  0.79645986
  0.82077666
  0.83328477
  0.83300856
  0.81976410
  0.79417310
  0.75761811
  0.71214234
  0.66030239
  0.60498537
  0.54920503
  0.49589283
  0.44770009
  0.40682654
  0.37488772
  0.35283090
  0.34090467
  0.33868314
  0.34514087
  0.35877113
  0.37773594
  0.40003460
  0.42367588
  0.44683909
  0.46801086
