 gauss gpoints 9
 weight 0.30864197535802
0.78729833458393 -0.4436491673 -0.4436491673
0.10000000001607 0.4436491673 -0.0563508327
0.012701665383934 0.0563508327 0.0563508327
0.10000000001607 -0.0563508327 0.4436491673

 weight 0.49382716059506
0.4436491673 -0.25 -0.4436491673
0.0563508327 0.25 -0.0563508327
0.0563508327 0.25 0.0563508327
0.4436491673 -0.25 0.4436491673

 weight 0.30864197535802
0.10000000001607 -0.0563508327 -0.4436491673
0.012701665383934 0.0563508327 -0.0563508327
0.10000000001607 0.4436491673 0.0563508327
0.78729833458393 -0.4436491673 0.4436491673

 weight 0.49382716059506
0.4436491673 -0.4436491673 -0.25
0.4436491673 0.4436491673 -0.25
0.0563508327 0.0563508327 0.25
0.0563508327 -0.0563508327 0.25

 weight 0.79012345698765
0.25 -0.25 -0.25
0.25 0.25 -0.25
0.25 0.25 0.25
0.25 -0.25 0.25

 weight 0.49382716059506
0.0563508327 -0.0563508327 -0.25
0.0563508327 0.0563508327 -0.25
0.4436491673 0.4436491673 0.25
0.4436491673 -0.4436491673 0.25

 weight 0.30864197535802
0.10000000001607 -0.4436491673 -0.0563508327
0.78729833458393 0.4436491673 -0.4436491673
0.10000000001607 0.0563508327 0.4436491673
0.012701665383934 -0.0563508327 0.0563508327

 weight 0.49382716059506
0.0563508327 -0.25 -0.0563508327
0.4436491673 0.25 -0.4436491673
0.4436491673 0.25 0.4436491673
0.0563508327 -0.25 0.0563508327

 weight 0.30864197535802
0.012701665383934 -0.0563508327 -0.0563508327
0.10000000001607 0.0563508327 -0.4436491673
0.78729833458393 0.4436491673 0.4436491673
0.10000000001607 -0.4436491673 0.0563508327

