 gauss gpoints 9
 weight 0.30864197535802
1 0. 0. 
1 0. 0. 
1 0. 0. 
1 0. 0. 

 weight 0.49382716059506
1. 0. 0. 
1. 0. 0. 
1. 0. 0. 
1. 0. 0. 

 weight 0.30864197535802
1. 0. 0. 
1. 0. 0. 
1. 0. 0. 
1. 0. 0. 

 weight 0.49382716059506
1. 0. 0. 
1. 0. 0. 
1. 0. 0. 
1. 0. 0. 

 weight 0.79012345698765
1. 0. 0. 
1. 0. 0. 
1. 0. 0. 
1. 0. 0. 

 weight 0.49382716059506
1. 0. 0. 
1. 0. 0. 
1. 0. 0. 
1. 0. 0. 

 weight 0.30864197535802
1. 0. 0. 
1. 0. 0. 
1. 0. 0. 
1. 0. 0. 

 weight 0.49382716059506
1. 0. 0. 
1. 0. 0. 
1. 0. 0. 
1. 0. 0. 

 weight 0.30864197535802
1. 0. 0. 
1. 0. 0. 
1. 0. 0. 
1. 0. 0. 
