 gauss gpoints 27
 weight 0.17146776410151
1. 0. 0. 0. 
1. 0. 0. 0. 
1. 0. 0. 0. 
1. 0. 0. 0. 
1. 0. 0. 0. 
1. 0. 0. 0. 
1. 0. 0. 0. 
1. 0. 0. 0. 

 weight 0.27434842257476
1. 0. 0. 0. 
1. 0. 0. 0. 
1. 0. 0. 0. 
1. 0. 0. 0. 
1. 0. 0. 0. 
1. 0. 0. 0. 
1. 0. 0. 0. 
1. 0. 0. 0. 

 weight 0.17146776410151
1. 0. 0. 0. 
1. 0. 0. 0. 
1. 0. 0. 0. 
1. 0. 0. 0. 
1. 0. 0. 0. 
1. 0. 0. 0. 
1. 0. 0. 0. 
1. 0. 0. 0. 

 weight 0.27434842257476
1. 0. 0. 0. 
1. 0. 0. 0. 
1. 0. 0. 0. 
1. 0. 0. 0. 
1. 0. 0. 0. 
1. 0. 0. 0. 
1. 0. 0. 0. 
1. 0. 0. 0. 

 weight 0.43895747613937
1. 0. 0. 0. 
1. 0. 0. 0. 
1. 0. 0. 0. 
1. 0. 0. 0. 
1. 0. 0. 0. 
1. 0. 0. 0. 
1. 0. 0. 0. 
1. 0. 0. 0. 

 weight 0.27434842257476
1. 0. 0. 0. 
1. 0. 0. 0. 
1. 0. 0. 0. 
1. 0. 0. 0. 
1. 0. 0. 0. 
1. 0. 0. 0. 
1. 0. 0. 0. 
1. 0. 0. 0. 

 weight 0.17146776410151
1. 0. 0. 0. 
1. 0. 0. 0. 
1. 0. 0. 0. 
1. 0. 0. 0. 
1. 0. 0. 0. 
1. 0. 0. 0. 
1. 0. 0. 0. 
1. 0. 0. 0. 

 weight 0.27434842257476
1. 0. 0. 0. 
1. 0. 0. 0. 
1. 0. 0. 0. 
1. 0. 0. 0. 
1. 0. 0. 0. 
1. 0. 0. 0. 
1. 0. 0. 0. 
1. 0. 0. 0. 

 weight 0.17146776410151
1. 0. 0. 0. 
1. 0. 0. 0. 
1. 0. 0. 0. 
1. 0. 0. 0. 
1. 0. 0. 0. 
1. 0. 0. 0. 
1. 0. 0. 0. 
1. 0. 0. 0. 

 weight 0.27434842257476
1. 0. 0. 0. 
1. 0. 0. 0. 
1. 0. 0. 0. 
1. 0. 0. 0. 
1. 0. 0. 0. 
1. 0. 0. 0. 
1. 0. 0. 0. 
1. 0. 0. 0. 

 weight 0.43895747613937
1. 0. 0. 0. 
1. 0. 0. 0. 
1. 0. 0. 0. 
1. 0. 0. 0. 
1. 0. 0. 0. 
1. 0. 0. 0. 
1. 0. 0. 0. 
1. 0. 0. 0. 

 weight 0.27434842257476
1. 0. 0. 0. 
1. 0. 0. 0. 
1. 0. 0. 0. 
1. 0. 0. 0. 
1. 0. 0. 0. 
1. 0. 0. 0. 
1. 0. 0. 0. 
1. 0. 0. 0. 

 weight 0.43895747613937
1. 0. 0. 0. 
1. 0. 0. 0. 
1. 0. 0. 0. 
1. 0. 0. 0. 
1. 0. 0. 0. 
1. 0. 0. 0. 
1. 0. 0. 0. 
1. 0. 0. 0. 

 weight 0.7023319618546
1. 0. 0. 0. 
1. 0. 0. 0. 
1. 0. 0. 0. 
1. 0. 0. 0. 
1. 0. 0. 0. 
1. 0. 0. 0. 
1. 0. 0. 0. 
1. 0. 0. 0. 

 weight 0.43895747613937
1. 0. 0. 0. 
1. 0. 0. 0. 
1. 0. 0. 0. 
1. 0. 0. 0. 
1. 0. 0. 0. 
1. 0. 0. 0. 
1. 0. 0. 0. 
1. 0. 0. 0. 

 weight 0.27434842257476
1. 0. 0. 0. 
1. 0. 0. 0. 
1. 0. 0. 0. 
1. 0. 0. 0. 
1. 0. 0. 0. 
1. 0. 0. 0. 
1. 0. 0. 0. 
1. 0. 0. 0. 

 weight 0.43895747613937

 weight 0.27434842257476
1. 0. 0. 0. 
1. 0. 0. 0. 
1. 0. 0. 0. 
1. 0. 0. 0. 
1. 0. 0. 0. 
1. 0. 0. 0. 
1. 0. 0. 0. 
1. 0. 0. 0. 

 weight 0.17146776410151
1. 0. 0. 0. 
1. 0. 0. 0. 
1. 0. 0. 0. 
1. 0. 0. 0. 
1. 0. 0. 0. 
1. 0. 0. 0. 
1. 0. 0. 0. 
1. 0. 0. 0. 

 weight 0.27434842257476
1. 0. 0. 0. 
1. 0. 0. 0. 
1. 0. 0. 0. 
1. 0. 0. 0. 
1. 0. 0. 0. 
1. 0. 0. 0. 
1. 0. 0. 0. 
1. 0. 0. 0. 

 weight 0.17146776410151
1. 0. 0. 0. 
1. 0. 0. 0. 
1. 0. 0. 0. 
1. 0. 0. 0. 
1. 0. 0. 0. 
1. 0. 0. 0. 
1. 0. 0. 0. 
1. 0. 0. 0. 

 weight 0.27434842257476
1. 0. 0. 0. 
1. 0. 0. 0. 
1. 0. 0. 0. 
1. 0. 0. 0. 
1. 0. 0. 0. 
1. 0. 0. 0. 
1. 0. 0. 0. 
1. 0. 0. 0. 

 weight 0.43895747613937
1. 0. 0. 0. 
1. 0. 0. 0. 
1. 0. 0. 0. 
1. 0. 0. 0. 
1. 0. 0. 0. 
1. 0. 0. 0. 
1. 0. 0. 0. 
1. 0. 0. 0. 

 weight 0.27434842257476
1. 0. 0. 0. 
1. 0. 0. 0. 
1. 0. 0. 0. 
1. 0. 0. 0. 
1. 0. 0. 0. 
1. 0. 0. 0. 
1. 0. 0. 0. 
1. 0. 0. 0. 

 weight 0.17146776410151
1. 0. 0. 0. 
1. 0. 0. 0. 
1. 0. 0. 0. 
1. 0. 0. 0. 
1. 0. 0. 0. 
1. 0. 0. 0. 
1. 0. 0. 0. 
1. 0. 0. 0. 

 weight 0.27434842257476
1. 0. 0. 0. 
1. 0. 0. 0. 
1. 0. 0. 0. 
1. 0. 0. 0. 
1. 0. 0. 0. 
1. 0. 0. 0. 
1. 0. 0. 0. 
1. 0. 0. 0. 

 weight 0.17146776410151
1. 0. 0. 0. 
1. 0. 0. 0. 
1. 0. 0. 0. 
1. 0. 0. 0. 
1. 0. 0. 0. 
1. 0. 0. 0. 
1. 0. 0. 0. 
1. 0. 0. 0. 

