 gauss gpoints 9
 weight 0.30864197530864 
0.47237900077245  -0.87602816808282  -0.87602816808282
           -0.06  -0.18872983346207  0.11127016653793
0.007620999227555  0.023971831917184  0.023971831917184
           -0.06  0.11127016653793  -0.18872983346207
 0.2749193338483   1.0647580015449  -0.50983866769659
-0.034919333848297  -0.10983866769659  -0.13524199845511
-0.034919333848297  -0.13524199845511  -0.10983866769659
 0.2749193338483  -0.50983866769659   1.0647580015449
            0.16  0.61967733539319  0.61967733539319

 weight 0.49382716049383 
              -0                 0  -0.34364916731037
               0                 0  0.043649167310371
              -0                -0  -0.043649167310371
               0                -0  0.34364916731037
              -0                -0              -0.2
-0.087298334620742  -0.27459666924148                 0
               0                 0               0.2
0.68729833462074  -1.2745966692415                -0
             0.4    1.549193338483                -0

 weight 0.30864197530864 
           -0.06  0.11127016653793  0.18872983346207
0.007620999227555  0.023971831917184  -0.023971831917184
           -0.06  -0.18872983346207  -0.11127016653793
0.47237900077245  -0.87602816808282  0.87602816808282
-0.034919333848297  -0.13524199845511  0.10983866769659
-0.034919333848297  -0.10983866769659  0.13524199845511
 0.2749193338483   1.0647580015449  0.50983866769659
 0.2749193338483  -0.50983866769659  -1.0647580015449
            0.16  0.61967733539319  -0.61967733539319

 weight 0.49382716049383 
              -0  -0.34364916731037                 0
               0  0.34364916731037                -0
              -0  -0.043649167310371                -0
               0  0.043649167310371                 0
0.68729833462074                -0  -1.2745966692415
               0               0.2                 0
-0.087298334620742                 0  -0.27459666924148
              -0              -0.2                -0
             0.4                -0    1.549193338483

 weight 0.79012345679012 
               0                 0                 0
              -0                -0                -0
               0                 0                 0
              -0                -0                -0
              -0                 0              -0.5
               0               0.5                -0
               0                -0               0.5
              -0              -0.5                 0
               1                -0                -0

 weight 0.49382716049383 
               0  0.043649167310371                -0
              -0  -0.043649167310371                 0
               0  0.34364916731037                 0
              -0  -0.34364916731037                -0
-0.087298334620742                 0  0.27459666924148
               0               0.2                -0
0.68729833462074                -0   1.2745966692415
              -0              -0.2                 0
             0.4                -0   -1.549193338483

 weight 0.30864197530864 
           -0.06  0.18872983346207  0.11127016653793
0.47237900077245  0.87602816808282  -0.87602816808282
           -0.06  -0.11127016653793  -0.18872983346207
0.007620999227555  -0.023971831917184  0.023971831917184
 0.2749193338483  -1.0647580015449  -0.50983866769659
 0.2749193338483  0.50983866769659   1.0647580015449
-0.034919333848297  0.13524199845511  -0.10983866769659
-0.034919333848297  0.10983866769659  -0.13524199845511
            0.16  -0.61967733539319  0.61967733539319

 weight 0.49382716049383 
               0                -0  0.043649167310371
              -0                -0  -0.34364916731037
               0                 0  0.34364916731037
              -0                 0  -0.043649167310371
              -0                 0              -0.2
0.68729833462074   1.2745966692415                -0
               0                -0               0.2
-0.087298334620742  0.27459666924148                 0
             0.4   -1.549193338483                -0

 weight 0.30864197530864 
0.007620999227555  -0.023971831917184  -0.023971831917184
           -0.06  -0.11127016653793  0.18872983346207
0.47237900077245  0.87602816808282  0.87602816808282
           -0.06  0.18872983346207  -0.11127016653793
-0.034919333848297  0.13524199845511  0.10983866769659
 0.2749193338483  0.50983866769659  -1.0647580015449
 0.2749193338483  -1.0647580015449  0.50983866769659
-0.034919333848297  0.10983866769659  0.13524199845511
            0.16  -0.61967733539319  -0.61967733539319

