 gauss gpoints 14
 weight  0.0375626419060053
1. 0. 0. 0.
1. 0. 0. 0.
1. 0. 0. 0.
1. 0. 0. 0.
 
 weight  0.0375626419060053
1. 0. 0. 0.
1. 0. 0. 0.
1. 0. 0. 0.
1. 0. 0. 0.
 
 weight  0.0375626419060053
1. 0. 0. 0.
1. 0. 0. 0.
1. 0. 0. 0.
1. 0. 0. 0.
 
 weight  0.0375626419060053
1. 0. 0. 0.
1. 0. 0. 0.
1. 0. 0. 0.
1. 0. 0. 0.
 
 weight  0.0244976810387873
1. 0. 0. 0.
1. 0. 0. 0.
1. 0. 0. 0.
1. 0. 0. 0.
 
 weight  0.0244976810387873
1. 0. 0. 0.
1. 0. 0. 0.
1. 0. 0. 0.
1. 0. 0. 0.
 
 weight  0.0244976810387873
1. 0. 0. 0.
1. 0. 0. 0.
1. 0. 0. 0.
1. 0. 0. 0.
 
 weight  0.0244976810387873
1. 0. 0. 0.
1. 0. 0. 0.
1. 0. 0. 0.
1. 0. 0. 0.
 
 weight  0.0141820069256938
1. 0. 0. 0.
1. 0. 0. 0.
1. 0. 0. 0.
1. 0. 0. 0.
 
 weight  0.0141820069256938
1. 0. 0. 0.
1. 0. 0. 0.
1. 0. 0. 0.
1. 0. 0. 0.
 
 weight  0.0141820069256938
1. 0. 0. 0.
1. 0. 0. 0.
1. 0. 0. 0.
1. 0. 0. 0.
 
 weight  0.0141820069256938
1. 0. 0. 0.
1. 0. 0. 0.
1. 0. 0. 0.
1. 0. 0. 0.
 
 weight  0.0141820069256938
1. 0. 0. 0.
1. 0. 0. 0.
1. 0. 0. 0.
1. 0. 0. 0.
 
 weight  0.0141820069256938
1. 0. 0. 0.
1. 0. 0. 0.
1. 0. 0. 0.
1. 0. 0. 0.