gauss gpoints 7
 weight  0.45
 -0.111111111111111 -0.333333333333334 -0.333333333333334 
 -0.111111111111111 0.333333333333333 0 
 -0.111111111111111 0 0.333333333333333 
 0.444444444444445 4.44089209850063e-16 -1.33333333333333 
 0.444444444444444 1.33333333333333 1.33333333333333 
 0.444444444444445 -1.33333333333333 4.44089209850063e-16 
 
 weight  0.264788305577012
 -0.0525839011025454 0.761136512840921 0.761136512840921 
 -0.0280749432230788 0.88056825642046 0 
 -0.0280749432230788 0 0.88056825642046 
 0.112299772892315 -1.64170476926138 -1.88056825642046 
 0.884134241764073 1.88056825642046 1.88056825642046 
 0.112299772892315 -1.88056825642046 -1.64170476926138 
 
 weight  0.264788305577012
 -0.0280749432230787 -0.880568256420461 -0.880568256420461 
 -0.0280749432230788 0.88056825642046 0 
 -0.0525839011025453 -0 -0.761136512840921 
 0.884134241764073 2.22044604925031e-16 -1.88056825642046 
 0.112299772892315 0.238863487159079 1.88056825642046 
 0.112299772892315 -0.238863487159079 1.64170476926138 
 
 weight  0.264788305577012
 -0.0280749432230788 -0.88056825642046 -0.88056825642046 
 -0.0525839011025453 -0.761136512840921 -0 
 -0.0280749432230788 0 0.88056825642046 
 0.112299772892315 1.64170476926138 -0.238863487159079 
 0.112299772892315 1.88056825642046 0.238863487159079 
 0.884134241764073 -1.88056825642046 0 
 
 weight  0.251878361089654
 0.474352608585539 -2.18970794141235 -2.18970794141235 
 -0.0807685941918872 -0.594853970706175 -0 
 -0.0807685941918872 -0 -0.594853970706175 
 0.323074376767549 2.78456191211852 -0.405146029293825 
 0.0410358262631383 0.405146029293825 0.405146029293825 
 0.323074376767549 -0.405146029293825 2.78456191211852 
 
 weight  0.251878361089654
 -0.0807685941918872 0.594853970706175 0.594853970706175 
 -0.0807685941918872 -0.594853970706175 -0 
 0.474352608585539 0 2.18970794141235 
 0.0410358262631383 0 -0.405146029293825 
 0.323074376767549 3.18970794141235 0.405146029293825 
 0.323074376767549 -3.18970794141235 -2.78456191211852 
 
 weight  0.251878361089654
 -0.0807685941918872 0.594853970706175 0.594853970706175 
 0.474352608585539 2.18970794141235 0 
 -0.0807685941918872 -0 -0.594853970706175 
 0.323074376767549 -2.78456191211852 -3.18970794141235 
 0.323074376767549 0.405146029293825 3.18970794141235 
 0.0410358262631383 -0.405146029293825 0 
 
