 gauss gpoints 14
 weight  0.0375626419060053
 0.0673422422100981 -1 -1 -1 
 0.310885919263301 1 0 0 
 0.310885919263301 0 1 0 
 0.310885919263301 0 0 1 
 
 weight  0.0375626419060053
 0.310885919263301 -1 -1 -1 
 0.310885919263301 1 0 0 
 0.0673422422100982 0 1 0 
 0.310885919263301 0 0 1 
 
 weight  0.0375626419060053
 0.310885919263301 -1 -1 -1 
 0.0673422422100982 1 0 0 
 0.310885919263301 0 1 0 
 0.310885919263301 0 0 1 
 
 weight  0.0375626419060053
 0.310885919263301 -1 -1 -1 
 0.310885919263301 1 0 0 
 0.310885919263301 0 1 0 
 0.0673422422100982 0 0 1 
 
 weight  0.0244976810387873
 0.721794249067326 -1 -1 -1 
 0.0927352503108912 1 0 0 
 0.0927352503108912 0 1 0 
 0.0927352503108912 0 0 1 
 
 weight  0.0244976810387873
 0.0927352503108912 -1 -1 -1 
 0.0927352503108912 1 0 0 
 0.721794249067326 0 1 0 
 0.0927352503108912 0 0 1 
 
 weight  0.0244976810387873
 0.0927352503108912 -1 -1 -1 
 0.721794249067326 1 0 0 
 0.0927352503108912 0 1 0 
 0.0927352503108912 0 0 1 
 
 weight  0.0244976810387873
 0.0927352503108911 -1 -1 -1 
 0.0927352503108912 1 0 0 
 0.0927352503108912 0 1 0 
 0.721794249067326 0 0 1 
 
 weight  0.0141820069256938
 0.0455037041256496 -1 -1 -1 
 0.45449629587435 1 0 0 
 0.45449629587435 0 1 0 
 0.0455037041256496 0 0 1 
 
 weight  0.0141820069256938
 0.45449629587435 -1 -1 -1 
 0.45449629587435 1 0 0 
 0.0455037041256496 0 1 0 
 0.0455037041256496 0 0 1 
 
 weight  0.0141820069256938
 0.45449629587435 -1 -1 -1 
 0.0455037041256496 1 0 0 
 0.0455037041256496 0 1 0 
 0.45449629587435 0 0 1 
 
 weight  0.0141820069256938
 0.45449629587435 -1 -1 -1 
 0.0455037041256496 1 0 0 
 0.45449629587435 0 1 0 
 0.0455037041256496 0 0 1 
 
 weight  0.0141820069256938
 0.0455037041256496 -1 -1 -1 
 0.45449629587435 1 0 0 
 0.0455037041256496 0 1 0 
 0.45449629587435 0 0 1 
 
 weight  0.0141820069256938
 0.0455037041256496 -1 -1 -1 
 0.0455037041256496 1 0 0 
 0.45449629587435 0 1 0 
 0.45449629587435 0 0 1 
