 gauss gpoints 7
 weight  0.45
 0.333333333333333 -1 -1 
 0.333333333333333 1 0 
 0.333333333333333 0 1 
 
 weight  0.264788305577012
 0.0597158717897698 -1 -1 
 0.470142064105115 1 0 
 0.470142064105115 0 1 
 
 weight  0.264788305577012
 0.470142064105115 -1 -1 
 0.470142064105115 1 0 
 0.0597158717897698 0 1 
 
 weight  0.264788305577012
 0.470142064105115 -1 -1 
 0.0597158717897698 1 0 
 0.470142064105115 0 1 
 
 weight  0.251878361089654
 0.797426985353087 -1 -1 
 0.101286507323456 1 0 
 0.101286507323456 0 1 
 
 weight  0.251878361089654
 0.101286507323456 -1 -1 
 0.101286507323456 1 0 
 0.797426985353087 0 1 
 
 weight  0.251878361089654
 0.101286507323456 -1 -1 
 0.797426985353087 1 0 
 0.101286507323456 0 1 