  0.10860866
  0.11004290
  0.11108807
  0.11177303
  0.11216384
  0.11235302
  0.11244674
  0.11255106
  0.11275880
  0.11313805
  0.11372374
  0.11451282
  0.11546368
  0.11649988
  0.11751776
  0.11839730
  0.11901520
  0.11925893
  0.11904033
  0.11830754
  0.11705397
  0.11532330
  0.11321005
  0.11085534
  0.10843808
  0.10616225
  0.10424115
  0.10288004
  0.10225841
  0.10251357
  0.10372695
  0.10591423
  0.10902046
  0.11292053
  0.11742518
  0.12229228
  0.12724240
  0.13197777
  0.13620298
  0.13964599
  0.14207767
  0.14332848
  0.14330086
  0.14197641
  0.13941731
  0.13576181
  0.13121423
  0.12603024
  0.12049854
  0.11492050
  0.10958928
  0.10477001
  0.10068265
  0.09748877
  0.09528309
  0.09409047
  0.09386831
  0.09451409
  0.09587711
  0.09777359
  0.10000346
  0.10236759
  0.10468391
  0.10680109
