12448.06386242
12587.50432988
12689.11772328
12755.71104440
12793.70618528
12812.09912851
12821.21049288
12831.35330136
12851.54960778
12888.42139254
12945.36354256
13022.07938233
13114.52459554
13215.26658452
13314.22683971
13399.73727547
13459.81102688
13483.50665003
13462.25400161
13391.01131228
13269.13608610
13100.87637977
12895.42171012
12666.49148894
12431.48013612
12210.21826703
12023.44504227
11891.11473331
11830.67826736
11855.48631188
11973.45370338
12186.10615486
12488.10067526
12867.27341151
13305.22580746
13778.41565063
14259.67748470
14720.06057271
15130.84520153
15465.58198062
15701.99532701
15823.60189527
15820.91656424
15692.15095029
15443.34961339
15087.95382934
14645.82831024
14141.82879036
13604.02443544
13061.71560858
12543.40246765
12074.86199268
11677.48024393
11366.96391900
11152.52259547
11036.57322909
11014.97492909
11077.75844516
11210.27485093
11394.65493406
11611.44752371
11841.29327426
12066.49114668
12272.32777931
