  0.30037228
  0.31471473
  0.32516639
  0.33201599
  0.33592406
  0.33781591
  0.33875308
  0.33979634
  0.34187367
  0.34566620
  0.35152311
  0.35941388
  0.36892253
  0.37928456
  0.38946333
  0.39825869
  0.40443771
  0.40687497
  0.40468898
  0.39736116
  0.38482543
  0.36751871
  0.34638623
  0.32283912
  0.29866653
  0.27590816
  0.25669720
  0.24308609
  0.23686976
  0.23942145
  0.25155524
  0.27342806
  0.30449036
  0.34349098
  0.38853751
  0.43720847
  0.48670968
  0.53406337
  0.57631551
  0.61074558
  0.63506238
  0.64757048
  0.64729428
  0.63404981
  0.60845882
  0.57190382
  0.52642805
  0.47458810
  0.41927108
  0.36349075
  0.31017854
  0.26198580
  0.22111225
  0.18917343
  0.16711661
  0.15519039
  0.15296885
  0.15942658
  0.17305684
  0.19202165
  0.21432032
  0.23796159
  0.26112480
  0.28229657
