  0.22875757
  0.23592879
  0.24115463
  0.24457943
  0.24653346
  0.24747938
  0.24794797
  0.24846960
  0.24950827
  0.25140453
  0.25433298
  0.25827837
  0.26303269
  0.26821371
  0.27330309
  0.27770077
  0.28079028
  0.28200891
  0.28091592
  0.27725201
  0.27098414
  0.26233079
  0.25176455
  0.23999099
  0.22790469
  0.21652551
  0.20692003
  0.20011447
  0.19700631
  0.19828215
  0.20434905
  0.21528546
  0.23081661
  0.25031692
  0.27284018
  0.29717566
  0.32192627
  0.34560312
  0.36672918
  0.38394422
  0.39610262
  0.40235667
  0.40221857
  0.39559633
  0.38280084
  0.36452334
  0.34178546
  0.31586548
  0.28820697
  0.26031680
  0.23366070
  0.20956433
  0.18912756
  0.17315814
  0.16212973
  0.15616662
  0.15505585
  0.15828472
  0.16509985
  0.17458225
  0.18573159
  0.19755223
  0.20913383
  0.21971971
